276
695
635
926
846
992
870
437
206
687
820
973
499
558
419
293
978
636
266
590
905
985
670
931
441
988
658
609
998
261
746
381
555
817
439
419
116
361
271
141
578
385
604
499
101
722
495
479
979
546
984
463
325
263
164
277
689
652
125
695
877
605
729
282
851
967
413
649
706
676
775
848
588
357
678
544
571
203
749
990
101
844
725
484
401
464
439
484
400
741
594
736
590
775
155
421
605
867
655
278
143
836
830
816
815
937
103
865
594
917
476
621
774
979
548
519
266
639
279
891
865
882
417
922
519
739
719
843
742
849
103
509
540
411
358
714
244
485
997
868
595
950
570
308
408
794
558
335
130
357
