100
101
102
103
104
105
106
996
306
109
756
111
112
113
114
115
116
584
118
974
120
121
122
123
124
125
126
962
128
129
420
479
132
133
134
135
136
137
138
139
140
141
142
836
144
145
146
377
600
149
150
151
152
153
154
155
156
157
454
159
160
161
162
163
164
191
685
167
168
169
735
171
172
173
174
175
319
177
178
179
180
181
182
544
184
185
186
908
188
189
190
191
192
193
194
195
196
197
198
199
200
201
202
527
204
205
206
234
208
209
210
675
212
213
214
215
216
217
218
219
220
218
222
223
224
225
226
375
693
229
230
231
232
233
341
235
236
237
238
239
240
311
242
243
275
245
246
247
248
249
