9647936
8785743
1071502
1367272
9409733
3510240
1323157
6107073
3814525
5216640
6790822
3908971
1413270
1429552
9250701
9071688
5363162
1498010
2490377
1426109
8208749
7910694
4404136
6928082
6436735
9558502
1741069
6242288
4538776
3200935
2873624
1685719
7965217
5521658
7336801
7664179
6721633
5837270
5070580
9533046
6198946
9679529
9295464
9308476
3213871
2613854
3180581
8835350
5786455
2567275
5392866
5096250
6195944
3269878
1548218
3708658
1669652
4388830
1999779
4636686
3762845
9771909
1903114
8218729
9061505
6510398
5992346
6311462
9939426
2087063
7469263
5118279
1857524
9363124
1132160
8228169
2713519
2548944
9647592
4274658
9849758
4752028
8595264
1986743
2111559
8865585
7051043
3845816
3915524
5457000
6108205
8152210
5028617
4082264
7113036
2042190
8861846
1529341
6260135
8534970
5731598
6427744
6539968
3657619
3899527
4826344
9770929
2718480
5625120
5781364
1800017
1247195
7943962
5090505
6302401
5734403
4830354
8249556
8137685
3472353
2252011
5347551
3687574
5058247
1069959
8368806
2358468
1785667
8677688
6918278
5625808
7506262
9390029
6023037
4718481
4563461
9971253
4981436
3423467
7115178
5141999
4034956
4585899
4642844
1575815
9181768
2079569
7482495
9329553
5404808
